[pet]
name = ECAT HRRT, Siemens
modules = 8
radius = 23.45
angle = 180.0
material = LSO
axisux = 0.0
axisuy = 0.0
axisuz = 1.0
centrx = 0.0
centry = 0.0
centrz = 0.0

[module]
mr = 1
lr = 0.0

mz = 1
lz = 0.0

ma = 1
la = 0.0

[block]

nr = 2
dr = 0.75
sr = 0.0001

nz = 104
dz = 0.21
sz = 0.034078

na = 72
da = 0.21
sa = 0.034078
